00001,00002,00003
00004,00005,00006